0 0.45937500000000003 0.46875 0.08125 0.38333333333333336 
0 0.6265625 0.5072916666666667 0.140625 0.5979166666666667 
0 0.06953125 0.4697916666666667 0.0765625 0.28958333333333336 
0 0.0828125 0.47395833333333337 0.128125 0.4479166666666667 
0 0.5656249999999999 0.4666666666666667 0.090625 0.37083333333333335 
0 0.1859375 0.46354166666666663 0.08125 0.32708333333333334 
0 0.4203125 0.465625 0.0625 0.25625 
0 0.9296875 0.4864583333333334 0.459375 1.4395833333333334 
0 0.28828125 0.5614583333333334 0.2109375 0.9604166666666667 
0 0.23203125000000002 0.5822916666666667 0.0796875 0.22291666666666668 
