0 0.46171874999999996 0.4666666666666667 0.0828125 0.38333333333333336 
0 0.6281249999999999 0.50625 0.134375 0.5958333333333333 
0 0.0703125 0.4708333333333333 0.078125 0.29583333333333334 
0 0.07265624999999999 0.4770833333333333 0.1359375 0.4666666666666667 
0 0.5765625 0.4708333333333333 0.09375 0.3875 
0 0.18203124999999998 0.46354166666666663 0.0796875 0.32708333333333334 
0 0.22578125 0.521875 0.0734375 0.3229166666666667 
0 0.92109375 0.48437500000000006 0.4609375 1.4395833333333334 
0 0.3 0.5427083333333333 0.2125 0.9354166666666667 
0 0.22031250000000002 0.5958333333333333 0.084375 0.2375 
