0 0.46015625 0.46458333333333335 0.0828125 0.37916666666666665 
0 0.6187499999999999 0.5083333333333333 0.15 0.6 
0 0.07265625 0.47187500000000004 0.0796875 0.3020833333333333 
0 0.051562500000000004 0.4666666666666667 0.115625 0.5041666666666667 
0 0.584375 0.4708333333333333 0.09375 0.4 
0 0.17421874999999998 0.46458333333333335 0.0796875 0.3333333333333333 
0 0.21171875 0.5270833333333333 0.0765625 0.3458333333333333 
0 0.9140625 0.48437500000000006 0.4625 1.4395833333333334 
0 0.3125 0.5239583333333333 0.2125 0.9104166666666667 
0 0.20937499999999998 0.6104166666666666 0.0875 0.25416666666666665 
