0 0.45859374999999997 0.4625 0.0828125 0.375 
0 0.61171875 0.5114583333333333 0.1640625 0.6020833333333333 
0 0.0734375 0.47291666666666665 0.08125 0.30833333333333335 
0 0.0296875 0.4822916666666667 0.125 0.51875 
0 0.5921875 0.4708333333333333 0.09375 0.4125 
0 0.1640625 0.465625 0.078125 0.33958333333333335 
0 0.19765624999999998 0.5333333333333333 0.0796875 0.36666666666666664 
0 0.90625 0.48437500000000006 0.465625 1.4395833333333334 
0 0.325 0.5052083333333333 0.2125 0.8854166666666666 
0 0.19843750000000002 0.6239583333333333 0.090625 0.26875 
