0 0.625 0.5177083333333333 0.1625 0.6229166666666667 
0 0.57734375 0.46458333333333335 0.0578125 0.24583333333333332 
0 0.1328125 0.4479166666666667 0.046875 0.18333333333333332 
0 0.48125 0.4510416666666667 0.0875 0.28958333333333336 
0 0.10703125 0.4375 0.0671875 0.2375 
0 0.20781249999999998 0.45833333333333337 0.08125 0.275 
0 0.3046875 0.4552083333333333 0.071875 0.27708333333333335 
0 0.528125 0.446875 0.040625 0.12708333333333333 
0 0.17500000000000002 0.4479166666666667 0.04375 0.18333333333333332 
0 0.16484374999999998 0.446875 0.0453125 0.20208333333333334 
0 0.9742187499999999 0.4989583333333333 0.4828125 1.49375 
0 0.41484375 0.4833333333333333 0.1546875 0.6333333333333333 
0 0.31015625 0.440625 0.0328125 0.09791666666666667 
