0 0.6359375 0.5072916666666667 0.171875 0.6229166666666667 
0 0.571875 0.46249999999999997 0.06875 0.25416666666666665 
0 0.18125 0.44270833333333337 0.0375 0.14791666666666667 
0 0.49687499999999996 0.45625000000000004 0.059375 0.26666666666666666 
0 0.058593750000000014 0.44479166666666664 0.2671875 0.84375 
0 0.11171875 0.44062500000000004 0.0703125 0.20208333333333334 
0 0.315625 0.46249999999999997 0.075 0.25416666666666665 
0 0.22421875 0.44479166666666664 0.0453125 0.15625 
0 0.1578125 0.453125 0.053125 0.16458333333333333 
0 0.94140625 0.49583333333333335 0.4859375 1.4875 
0 0.39218749999999997 0.4916666666666667 0.19375 0.6583333333333333 
0 0.30078125 0.44687499999999997 0.0328125 0.09791666666666667 
