0 0.6359375 0.49583333333333335 0.140625 0.5541666666666667 
0 0.56796875 0.47187500000000004 0.0578125 0.23958333333333334 
0 0.065625 0.459375 0.046875 0.19791666666666666 
0 0.14765625 0.45729166666666665 0.0703125 0.24791666666666667 
0 0.06875 0.48020833333333335 0.078125 0.28958333333333336 
0 0.2359375 0.46770833333333334 0.109375 0.43125 
0 0.5265625 0.4552083333333333 0.03125 0.13541666666666666 
0 0.71015625 0.5125 0.2734375 0.9375 
0 0.8421875000000001 0.49375 0.259375 0.8625 
0 0.36796875 0.4822916666666667 0.0921875 0.43125 
0 0.12421874999999999 0.45833333333333337 0.0578125 0.2125 
0 0.20468750000000002 0.45625 0.06875 0.2125 
0 1.00703125 0.5020833333333333 0.4828125 1.5 
0 0.434375 0.5041666666666667 0.1625 0.5583333333333333 
