0 0.5859375 0.5020833333333333 0.140625 0.5541666666666667 
0 0.60546875 0.5427083333333333 0.3359375 0.84375 
0 0.7453125 0.509375 0.190625 0.8645833333333334 
0 0.006249999999999992 0.565625 0.25625 1.1895833333333334 
0 0.28984375 0.48125 0.0546875 0.2125 
0 0.1328125 0.4583333333333333 0.053125 0.25416666666666665 
0 0.209375 0.46875 0.059375 0.20833333333333334 
0 0.3578125 0.478125 0.03125 0.15208333333333332 
0 0.3203125 0.4604166666666667 0.034375 0.14583333333333334 
0 1.01640625 0.5052083333333333 0.4671875 1.49375 
0 0.41796875 0.4895833333333333 0.1203125 0.49166666666666664 
