0 0.6359375 0.49583333333333335 0.140625 0.5541666666666667 
0 0.56640625 0.4708333333333333 0.0609375 0.24166666666666667 
0 0.0625 0.4625 0.053125 0.2 
0 0.153125 0.45625 0.06875 0.24583333333333332 
0 0.04375 0.47916666666666663 0.075 0.29583333333333334 
0 0.21484375 0.4770833333333333 0.1328125 0.4708333333333333 
0 0.52890625 0.45729166666666665 0.0359375 0.13125 
0 0.6890624999999999 0.5135416666666667 0.271875 0.9479166666666666 
0 0.8453125 0.5135416666666667 0.240625 0.8604166666666667 
0 0.35390625000000003 0.48124999999999996 0.1046875 0.4708333333333333 
0 0.1171875 0.4635416666666667 0.0625 0.21458333333333332 
0 0.2 0.4635416666666667 0.06875 0.21458333333333332 
0 1.0078125 0.5020833333333333 0.48125 1.5 
0 0.4390625 0.503125 0.15 0.5479166666666667 
