0 0.6359375 0.49583333333333335 0.140625 0.5541666666666667 
0 0.5671875 0.4708333333333333 0.059375 0.24166666666666667 
0 0.0640625 0.4604166666666667 0.05 0.2 
0 0.1515625 0.45208333333333334 0.071875 0.24583333333333332 
0 0.05859375 0.48020833333333335 0.0734375 0.29375 
0 0.225 0.471875 0.121875 0.45208333333333334 
0 0.5289062499999999 0.45625 0.0328125 0.13333333333333333 
0 0.69921875 0.5135416666666667 0.2734375 0.94375 
0 0.84375 0.5052083333333334 0.25 0.8604166666666667 
0 0.36015624999999996 0.4822916666666667 0.0984375 0.45208333333333334 
0 0.12109375 0.46145833333333336 0.0609375 0.21458333333333332 
0 0.20156249999999998 0.45937500000000003 0.06875 0.21458333333333332 
0 1.00703125 0.5020833333333333 0.4828125 1.5 
0 0.43671875 0.5041666666666667 0.1546875 0.5541666666666667 
