0 0.6015625 0.525 0.16875 0.6208333333333333 
0 0.5265624999999999 0.4739583333333333 0.071875 0.28125 
0 0.1875 0.4614583333333333 0.040625 0.13958333333333334 
0 0.007031249999999999 0.453125 0.0671875 0.24791666666666667 
0 0.4625 0.46562499999999996 0.071875 0.3020833333333333 
0 0.20546875 0.45625000000000004 0.1484375 0.5541666666666667 
0 0.08046875 0.4427083333333333 0.0765625 0.19791666666666666 
0 0.10312500000000001 0.44375000000000003 0.06875 0.18333333333333332 
0 0.91640625 0.4927083333333333 0.4890625 1.48125 
0 0.37421875 0.496875 0.1546875 0.65625 
0 0.27421875 0.45 0.0390625 0.1 
