0 0.6015625 0.5 0.140625 0.5541666666666667 
0 0.6109375 0.5125 0.321875 0.825 
0 0.75390625 0.5197916666666667 0.1828125 0.8645833333333334 
0 0.1265625 0.5239583333333333 0.228125 0.8395833333333333 
0 0.31328125 0.4875 0.0578125 0.19583333333333333 
0 0.15078125 0.45625 0.0578125 0.24166666666666667 
0 0.24453125 0.475 0.0671875 0.19583333333333333 
0 0.37734375 0.48854166666666665 0.0359375 0.15625 
0 0.340625 0.4541666666666667 0.03125 0.1375 
0 1.01484375 0.5041666666666667 0.4703125 1.4958333333333333 
0 0.42734375 0.4916666666666667 0.1203125 0.5 
