0 0.61328125 0.509375 0.1484375 0.58125 
0 0.56875 0.46875 0.05625 0.24166666666666667 
0 0.07265625 0.45 0.0359375 0.19583333333333333 
0 0.13046875 0.44583333333333336 0.0703125 0.24166666666666667 
0 0.09999999999999999 0.4666666666666667 0.071875 0.2833333333333333 
0 0.25546875 0.46458333333333335 0.0921875 0.37083333333333335 
0 0.5125000000000001 0.4510416666666667 0.0375 0.13541666666666666 
0 0.78125 0.49479166666666663 0.325 0.8854166666666666 
0 0.85625 0.46145833333333336 0.25 0.80625 
0 0.37890625 0.4625 0.0890625 0.3875 
0 0.1359375 0.44895833333333335 0.046875 0.20625 
0 0.1765625 0.4520833333333333 0.05625 0.20416666666666666 
0 1.0015625 0.5020833333333333 0.484375 1.5 
0 0.4046875 0.49583333333333335 0.1875 0.575 
0 0.30390625 0.44687499999999997 0.0328125 0.09791666666666667 
