0 0.6359375 0.49583333333333335 0.140625 0.5541666666666667 
0 0.0625 0.46458333333333335 0.05625 0.2 
0 0.1546875 0.45625 0.06875 0.24583333333333332 
0 0.030468750000000003 0.47916666666666663 0.0765625 0.29583333333333334 
0 0.203125 0.48124999999999996 0.14375 0.49166666666666664 
0 0.53046875 0.46041666666666664 0.0390625 0.12916666666666668 
0 0.68125 0.525 0.28125 0.9833333333333333 
0 0.8468749999999999 0.5229166666666667 0.23125 0.8583333333333333 
0 0.34609375000000003 0.4822916666666667 0.1109375 0.4895833333333333 
0 0.11406250000000001 0.4666666666666667 0.065625 0.21666666666666667 
0 0.19687500000000002 0.46770833333333334 0.06875 0.21458333333333332 
0 1.00859375 0.5031249999999999 0.4796875 1.4979166666666666 
0 0.44218749999999996 0.503125 0.14375 0.54375 
