0 0.60703125 0.5229166666666667 0.1703125 0.6208333333333333 
0 0.5359375 0.4708333333333333 0.071875 0.2791666666666667 
0 0.19375 0.45729166666666665 0.040625 0.14375 
0 0.0023437499999999986 0.453125 0.0671875 0.2604166666666667 
0 0.46953125 0.4614583333333333 0.0703125 0.3020833333333333 
0 0.1953125 0.45625000000000004 0.1625 0.5833333333333334 
0 0.08828125 0.4427083333333333 0.0734375 0.19791666666666666 
0 0.1109375 0.4447916666666667 0.065625 0.18125 
0 0.91953125 0.4927083333333333 0.4890625 1.48125 
0 0.38125 0.503125 0.153125 0.6604166666666667 
0 0.28281249999999997 0.45 0.0375 0.1 
