0 0.6546875 0.49583333333333335 0.175 0.625 
0 0.5804687500000001 0.4604166666666667 0.0609375 0.25833333333333336 
0 0.1578125 0.43854166666666666 0.04375 0.16458333333333333 
0 0.49921875 0.44270833333333337 0.0921875 0.29791666666666666 
0 0.12031249999999999 0.43437499999999996 0.059375 0.20625 
0 0.2734375 0.4625 0.084375 0.25833333333333336 
0 0.34375 0.4458333333333333 0.06875 0.25833333333333336 
0 0.21640625 0.4375 0.0453125 0.1625 
0 0.17109375 0.44375 0.0578125 0.19583333333333333 
0 0.95625 0.49687499999999996 0.484375 1.4895833333333333 
0 0.41796875 0.4989583333333333 0.1796875 0.6354166666666666 
0 0.30390625 0.4427083333333333 0.0328125 0.09791666666666667 
