0 0.65 0.4979166666666667 0.175 0.625 
0 0.578125 0.4604166666666667 0.0625 0.25833333333333336 
0 0.1640625 0.425 0.04375 0.15833333333333333 
0 0.4984375 0.446875 0.084375 0.28958333333333336 
0 0.115625 0.42500000000000004 0.0625 0.20416666666666666 
0 0.28359375 0.4625 0.0828125 0.25833333333333336 
0 0.21484375 0.4302083333333333 0.0453125 0.16041666666666668 
0 0.1625 0.42916666666666664 0.05625 0.1875 
0 0.95234375 0.49687499999999996 0.4859375 1.4895833333333333 
0 0.403125 0.48958333333333337 0.19375 0.6416666666666667 
0 0.30234375 0.4427083333333333 0.0328125 0.09791666666666667 
