0 0.625 0.49583333333333335 0.140625 0.5541666666666667 
0 0.12031249999999999 0.49583333333333335 0.15 0.5916666666666667 
0 0.6484375 0.5447916666666667 0.290625 0.9145833333333333 
0 0.790625 0.5010416666666666 0.175 0.85625 
0 0.27890625 0.5020833333333333 0.1453125 0.5958333333333333 
0 0.34765625 0.48020833333333335 0.0546875 0.17708333333333334 
0 0.18828125 0.48125 0.0671875 0.21666666666666667 
0 0.38125000000000003 0.46458333333333335 0.025 0.12916666666666668 
0 1.0109375 0.5031249999999999 0.475 1.4979166666666666 
0 0.44375000000000003 0.49479166666666663 0.11875 0.5104166666666666 
