0 0.628125 0.49895833333333334 0.140625 0.5604166666666667 
0 0.5671875 0.46979166666666666 0.05625 0.23958333333333334 
0 0.06953125 0.453125 0.0421875 0.19791666666666666 
0 0.14140625 0.453125 0.0671875 0.24375 
0 0.08671875 0.47604166666666664 0.0796875 0.28541666666666665 
0 0.25 0.46354166666666663 0.096875 0.39791666666666664 
0 0.5234375 0.45729166666666665 0.03125 0.13958333333333334 
0 0.74140625 0.50625 0.2921875 0.9166666666666666 
0 0.8453125 0.478125 0.2625 0.84375 
0 0.375 0.475 0.0875 0.4041666666666667 
0 0.13046875 0.45416666666666666 0.0515625 0.20833333333333334 
0 0.19765624999999998 0.4510416666666667 0.0640625 0.21041666666666667 
0 1.00546875 0.5020833333333333 0.4859375 1.5 
0 0.428125 0.5041666666666667 0.175 0.5666666666666667 
0 0.31640625 0.4552083333333333 0.0328125 0.09791666666666667 
