0 0.6359375 0.49583333333333335 0.140625 0.5541666666666667 
0 0.03515625 0.46458333333333335 0.0546875 0.22083333333333333 
0 0.1609375 0.4895833333333333 0.146875 0.5416666666666666 
0 0.6796875 0.5145833333333334 0.31875 0.9041666666666667 
0 0.81875 0.5125 0.203125 0.8583333333333333 
0 0.3125 0.4927083333333333 0.128125 0.54375 
0 0.090625 0.47291666666666665 0.059375 0.22083333333333333 
0 0.19296875 0.47291666666666665 0.0671875 0.21666666666666667 
0 1.009375 0.5031249999999999 0.478125 1.4979166666666666 
0 0.44765625 0.503125 0.1296875 0.5354166666666667 
