0 0.44453125000000004 0.4708333333333333 0.0890625 0.375 
0 0.5765625 0.5166666666666666 0.190625 0.6083333333333333 
0 0.0578125 0.484375 0.078125 0.35208333333333336 
0 0.62421875 0.47187500000000004 0.0921875 0.46458333333333335 
0 0.11171875 0.475 0.0828125 0.4083333333333333 
0 0.128125 0.5708333333333333 0.103125 0.4708333333333333 
0 0.203125 0.48750000000000004 0.103125 0.4583333333333333 
0 0.1578125 0.4739583333333333 0.065625 0.38125 
0 0.8765624999999999 0.4822916666666667 0.475 1.44375 
0 0.30781250000000004 0.5510416666666667 0.275 0.90625 
0 0.1015625 0.6666666666666667 0.115625 0.3458333333333333 
