0 0.6117187500000001 0.51875 0.1703125 0.6208333333333333 
0 0.54609375 0.4708333333333333 0.0703125 0.275 
0 0.1921875 0.4552083333333333 0.040625 0.14375 
0 0.00390625 0.45416666666666666 0.0734375 0.25416666666666665 
0 0.47578125 0.45625000000000004 0.0703125 0.3 
0 0.18593749999999998 0.45729166666666665 0.175 0.6104166666666667 
0 0.09609375 0.44375 0.0703125 0.19583333333333333 
0 0.11953124999999999 0.446875 0.0640625 0.17708333333333334 
0 0.9234375 0.49375 0.4875 1.4833333333333334 
0 0.38828125 0.509375 0.1515625 0.6645833333333333 
0 0.29140625 0.45 0.0359375 0.1 
