0 0.63359375 0.515625 0.1640625 0.60625 
0 0.5789062500000001 0.46458333333333335 0.0578125 0.24583333333333332 
0 0.14140625 0.446875 0.0484375 0.18125 
0 0.47812499999999997 0.459375 0.084375 0.29375 
0 0.109375 0.44062500000000004 0.065625 0.23541666666666666 
0 0.22734375 0.4604166666666667 0.0796875 0.26666666666666666 
0 0.31875 0.45833333333333337 0.075 0.2625 
0 0.53125 0.45416666666666666 0.028125 0.13333333333333333 
0 0.18125 0.446875 0.04375 0.18125 
0 0.1640625 0.446875 0.04375 0.20208333333333334 
0 0.96953125 0.4989583333333333 0.4828125 1.49375 
0 0.4171875 0.478125 0.15 0.63125 
0 0.30859375 0.440625 0.0328125 0.09791666666666667 
