0 0.45390624999999996 0.45624999999999993 0.0828125 0.36666666666666664 
0 0.59375 0.5166666666666666 0.19375 0.6083333333333333 
0 0.07734374999999999 0.47604166666666664 0.0828125 0.31875 
0 0.6078125 0.471875 0.09375 0.4395833333333333 
0 0.14765625 0.46562500000000007 0.0765625 0.35208333333333336 
0 0.16953125 0.5447916666666667 0.0859375 0.41041666666666665 
0 0.22968750000000002 0.4760416666666667 0.090625 0.41458333333333336 
0 0.175 0.4552083333333333 0.065625 0.33125 
0 0.89140625 0.48333333333333334 0.4703125 1.4416666666666667 
0 0.3140625 0.525 0.253125 0.8916666666666667 
0 0.16171875 0.6364583333333333 0.1015625 0.3020833333333333 
