0 0.44921875 0.4625 0.0859375 0.37083333333333335 
0 0.58515625 0.5166666666666666 0.1921875 0.6083333333333333 
0 0.06796875 0.48020833333333335 0.0796875 0.33541666666666664 
0 0.61640625 0.471875 0.0921875 0.45208333333333334 
0 0.12890625 0.4708333333333333 0.0796875 0.37916666666666665 
0 0.14921875 0.5572916666666667 0.0953125 0.4395833333333333 
0 0.21562499999999998 0.48125 0.096875 0.4375 
0 0.165625 0.46354166666666663 0.065625 0.35625 
0 0.884375 0.48333333333333334 0.471875 1.4416666666666667 
0 0.31015625 0.5375 0.2640625 0.9 
0 0.13125 0.6510416666666666 0.109375 0.3229166666666667 
