0 0.45546875 0.4583333333333333 0.0828125 0.37083333333333335 
0 0.60234375 0.5135416666666667 0.1796875 0.60625 
0 0.07500000000000001 0.475 0.08125 0.3125 
0 0.0078125 0.5083333333333333 0.153125 0.5791666666666667 
0 0.6 0.4708333333333333 0.09375 0.425 
0 0.15625 0.46458333333333335 0.078125 0.3458333333333333 
0 0.18359375 0.5385416666666667 0.0828125 0.38958333333333334 
0 0.89921875 0.48333333333333334 0.4671875 1.4416666666666667 
0 0.31484375 0.5260416666666666 0.2421875 0.8854166666666666 
0 0.18828125 0.6385416666666667 0.0953125 0.28541666666666665 
