0 0.6296875 0.49583333333333335 0.140625 0.5541666666666667 
0 0.01875 0.478125 0.0625 0.23541666666666666 
0 0.14140625 0.4916666666666667 0.1484375 0.5666666666666667 
0 0.6625 0.5354166666666667 0.3 0.925 
0 0.80546875 0.5072916666666667 0.1890625 0.85625 
0 0.2953125 0.49687499999999996 0.1375 0.56875 
0 0.0796875 0.4739583333333333 0.05625 0.22291666666666668 
0 0.19140625 0.47708333333333336 0.0671875 0.21666666666666667 
0 1.01015625 0.5031249999999999 0.4765625 1.4979166666666666 
0 0.45078124999999997 0.5041666666666667 0.1234375 0.5291666666666667 
