0 0.6359374999999999 0.49583333333333335 0.1375 0.55 
0 0.5671875 0.46979166666666666 0.05625 0.23958333333333334 
0 0.06796875 0.45729166666666665 0.0453125 0.19791666666666666 
0 0.14765625 0.45729166666666665 0.0671875 0.24375 
0 0.08046875 0.47916666666666663 0.0828125 0.2875 
0 0.24765625 0.4635416666666667 0.0984375 0.41041666666666665 
0 0.52421875 0.45625000000000004 0.0359375 0.1375 
0 0.7203124999999999 0.5114583333333333 0.275 0.93125 
0 0.8406250000000001 0.4854166666666667 0.26875 0.8625 
0 0.37421875 0.48125 0.0859375 0.4125 
0 0.12734375 0.4572916666666667 0.0546875 0.21041666666666667 
0 0.2078125 0.45208333333333334 0.06875 0.2125 
0 1.00625 0.5020833333333333 0.484375 1.5 
0 0.43125 0.5041666666666667 0.16875 0.5625 
