0 0.5968749999999999 0.5270833333333333 0.16875 0.6208333333333333 
0 0.51796875 0.4739583333333333 0.0734375 0.28541666666666665 
0 0.18359375 0.4625 0.0390625 0.1375 
0 0.01953125 0.459375 0.0484375 0.23541666666666666 
0 0.45625 0.46875 0.071875 0.30416666666666664 
0 0.21484375 0.45625000000000004 0.1359375 0.525 
0 0.06640625 0.43854166666666666 0.0796875 0.19791666666666666 
0 0.09609375 0.4427083333333333 0.0703125 0.18541666666666667 
0 0.9132812499999999 0.4916666666666667 0.4890625 1.4791666666666667 
0 0.3671875 0.5020833333333333 0.15625 0.6666666666666666 
