0 0.6460937499999999 0.5020833333333333 0.1734375 0.625 
0 0.5750000000000001 0.4614583333333333 0.065625 0.25625 
0 0.16171875 0.41041666666666665 0.0421875 0.15833333333333333 
0 0.49765624999999997 0.45 0.0765625 0.2833333333333333 
0 -0.02734375 0.42708333333333337 0.3171875 0.9958333333333333 
0 0.1109375 0.415625 0.065625 0.20208333333333334 
0 0.29453125 0.46354166666666663 0.0796875 0.25625 
0 0.21796875 0.425 0.0453125 0.1625 
0 0.15390625 0.41875 0.0578125 0.17916666666666667 
0 0.9484375 0.49583333333333335 0.484375 1.4875 
0 0.3890625 0.4822916666666667 0.209375 0.6479166666666667 
0 0.30234375 0.44479166666666664 0.0328125 0.09791666666666667 
