0 0.609375 0.49375 0.15625 0.5875 
0 0.57578125 0.465625 0.0578125 0.24375 
0 0.10781249999999999 0.446875 0.040625 0.18958333333333333 
0 0.46718750000000003 0.44270833333333337 0.0875 0.28958333333333336 
0 0.10234375000000001 0.42812500000000003 0.0734375 0.23958333333333334 
0 0.1515625 0.45625000000000004 0.084375 0.29583333333333334 
0 0.2796875 0.45000000000000007 0.0875 0.32083333333333336 
0 0.5125 0.4427083333333333 0.040625 0.12708333333333333 
0 0.91875 0.5041666666666667 0.259375 0.9 
0 0.9343750000000001 0.5125 0.284375 0.9041666666666667 
0 0.15937500000000002 0.44687499999999997 0.04375 0.19375 
0 0.16640625 0.44895833333333335 0.0484375 0.20208333333333334 
0 0.984375 0.5 0.48125 1.4958333333333333 
0 0.41015625 0.48854166666666665 0.1671875 0.6145833333333334 
0 0.29453125 0.428125 0.0328125 0.09791666666666667 
