0 0.60859375 0.49895833333333334 0.1546875 0.5895833333333333 
0 0.57421875 0.465625 0.0578125 0.24375 
0 0.09921875 0.44895833333333335 0.0390625 0.18958333333333333 
0 0.46718750000000003 0.446875 0.0875 0.28958333333333336 
0 0.10859374999999999 0.4322916666666667 0.0734375 0.23958333333333334 
0 0.140625 0.45833333333333337 0.08125 0.2916666666666667 
0 0.27265625 0.4510416666666667 0.0859375 0.3229166666666667 
0 0.51328125 0.44166666666666665 0.0421875 0.125 
0 0.8609375 0.5041666666666667 0.2625 0.9208333333333333 
0 0.91640625 0.4979166666666667 0.2734375 0.875 
0 0.1546875 0.4458333333333333 0.04375 0.19583333333333333 
0 0.16640625 0.44895833333333335 0.0484375 0.20208333333333334 
0 0.98828125 0.5010416666666666 0.4796875 1.4979166666666666 
0 0.409375 0.490625 0.171875 0.60625 
0 0.29453125 0.4322916666666667 0.0328125 0.09791666666666667 
