0 0.43984375 0.4770833333333333 0.0921875 0.37916666666666665 
0 0.5671875 0.5177083333333333 0.1875 0.60625 
0 0.037500000000000006 0.4854166666666666 0.096875 0.36666666666666664 
0 0.63203125 0.47187500000000004 0.0921875 0.47708333333333336 
0 0.09296875 0.48020833333333335 0.0859375 0.4354166666666667 
0 0.10234375000000001 0.5791666666666666 0.1234375 0.5291666666666667 
0 0.1890625 0.4875 0.10625 0.475 
0 0.15 0.48541666666666666 0.065625 0.4041666666666667 
0 0.86953125 0.4822916666666667 0.4765625 1.44375 
0 0.30859375 0.5499999999999999 0.2640625 0.9166666666666666 
0 0.071875 0.6822916666666667 0.121875 0.36875 
