0 0.61640625 0.5166666666666666 0.1703125 0.6208333333333333 
0 0.5546875 0.46875 0.06875 0.2708333333333333 
0 0.18984375 0.453125 0.0390625 0.14375 
0 0.48125 0.453125 0.06875 0.29791666666666666 
0 0.178125 0.45729166666666665 0.1875 0.6395833333333333 
0 0.10234375 0.44791666666666663 0.0796875 0.19583333333333333 
0 0.36953125 0.4395833333333333 0.0859375 0.2833333333333333 
0 0.1265625 0.44791666666666663 0.0625 0.175 
0 0.9265625000000001 0.49375 0.4875 1.4833333333333334 
0 0.3953125 0.515625 0.15 0.66875 
0 0.29531250000000003 0.44895833333333335 0.034375 0.09791666666666667 
