0 0.5765625 0.5041666666666667 0.140625 0.5541666666666667 
0 0.596875 0.5479166666666666 0.321875 0.8458333333333333 
0 0.746875 0.515625 0.196875 0.86875 
0 0.2796875 0.48020833333333335 0.053125 0.21875 
0 0.12421874999999999 0.4614583333333333 0.0578125 0.26875 
0 0.19140625 0.46770833333333334 0.0578125 0.22708333333333333 
0 0.35 0.47604166666666664 0.0375 0.16458333333333333 
0 0.078125 0.46458333333333335 0.075 0.31666666666666665 
0 0.309375 0.4635416666666667 0.0375 0.15625 
0 1.0171875000000001 0.5052083333333333 0.465625 1.49375 
0 0.40390625 0.4916666666666667 0.1015625 0.4875 
