0 0.621875 0.521875 0.165625 0.6354166666666666 
0 0.57734375 0.46458333333333335 0.0578125 0.24583333333333332 
0 0.12421875 0.446875 0.0453125 0.18541666666666667 
0 0.4734375 0.44895833333333335 0.0875 0.28958333333333336 
0 0.10546875 0.4354166666666667 0.0703125 0.2375 
0 0.18984375 0.459375 0.0828125 0.28125 
0 0.2984375 0.459375 0.08125 0.3020833333333333 
0 0.521875 0.4458333333333333 0.034375 0.12916666666666668 
0 0.1703125 0.44583333333333336 0.04375 0.1875 
0 0.16484374999999998 0.44895833333333335 0.0453125 0.20208333333333334 
0 0.97734375 0.5 0.4828125 1.4958333333333333 
0 0.41328125 0.48854166666666665 0.1578125 0.6354166666666666 
0 0.30390625 0.43645833333333334 0.0328125 0.09791666666666667 
