0 0.6148437499999999 0.5 0.1578125 0.5916666666666667 
0 0.57578125 0.465625 0.0578125 0.24375 
0 0.11640624999999999 0.4479166666666667 0.0421875 0.1875 
0 0.4734375 0.446875 0.0875 0.28958333333333336 
0 0.103125 0.43020833333333336 0.071875 0.23958333333333334 
0 0.17109375000000002 0.45729166666666665 0.0828125 0.28958333333333336 
0 0.2890625 0.453125 0.084375 0.30625 
0 0.5171875 0.44375 0.0375 0.12916666666666668 
0 0.1640625 0.446875 0.04375 0.18958333333333333 
0 0.1640625 0.44895833333333335 0.046875 0.20208333333333334 
0 0.98125 0.5 0.48125 1.4958333333333333 
0 0.4125 0.48854166666666665 0.1625 0.6229166666666667 
0 0.29921875000000003 0.4322916666666667 0.0328125 0.09791666666666667 
