0 0.6296875 0.509375 0.171875 0.6229166666666667 
0 0.5671875000000001 0.46458333333333335 0.06875 0.25833333333333336 
0 0.1828125 0.4447916666666667 0.0375 0.14791666666666667 
0 0.4921875 0.45625 0.0625 0.275 
0 0.1 0.4333333333333333 0.225 0.7625 
0 0.109375 0.44375 0.071875 0.2 
0 0.328125 0.45625000000000004 0.078125 0.2625 
0 0.22421875000000002 0.44479166666666664 0.0484375 0.16041666666666668 
0 0.15078125 0.45208333333333334 0.0546875 0.16666666666666666 
0 0.93828125 0.49479166666666663 0.4859375 1.4854166666666666 
0 0.39296875 0.49583333333333335 0.1765625 0.6583333333333333 
0 0.29921875000000003 0.44687499999999997 0.0328125 0.09791666666666667 
