0 0.6203125 0.4979166666666667 0.140625 0.5541666666666667 
0 0.08515625 0.49479166666666663 0.1734375 0.6354166666666666 
0 0.646875 0.5385416666666667 0.296875 0.8895833333333333 
0 0.78203125 0.50625 0.1765625 0.8583333333333333 
0 0.25 0.509375 0.1625 0.64375 
0 0.340625 0.4822916666666667 0.05625 0.18125 
0 0.18125 0.4791666666666667 0.065625 0.22083333333333333 
0 0.36875 0.46770833333333334 0.03125 0.12708333333333333 
0 1.01171875 0.5041666666666667 0.4734375 1.4958333333333333 
0 0.43984375000000003 0.49375 0.1203125 0.5083333333333333 
