0 0.62109375 0.5145833333333334 0.1703125 0.6208333333333333 
0 0.5578125 0.4666666666666667 0.06875 0.26666666666666666 
0 0.18828125 0.45 0.0390625 0.14583333333333334 
0 0.48515624999999996 0.4552083333333333 0.0671875 0.28958333333333336 
0 0.1578125 0.44895833333333335 0.1875 0.68125 
0 0.10390625 0.4458333333333333 0.0765625 0.19583333333333333 
0 0.35546875 0.4447916666666667 0.0828125 0.27708333333333335 
0 0.134375 0.44895833333333335 0.059375 0.17291666666666666 
0 0.93125 0.49375 0.4875 1.4833333333333334 
0 0.403125 0.5072916666666667 0.15 0.6729166666666667 
0 0.29921875000000003 0.44895833333333335 0.0328125 0.09791666666666667 
