0 0.590625 0.5020833333333333 0.140625 0.5541666666666667 
0 0.6109375 0.5395833333333333 0.3375 0.8375 
0 0.746875 0.5135416666666667 0.1875 0.8645833333333334 
0 0.04843750000000001 0.5510416666666667 0.240625 1.0229166666666667 
0 0.296875 0.484375 0.05625 0.20625 
0 0.13984375 0.46041666666666664 0.0546875 0.25 
0 0.2203125 0.4708333333333333 0.0625 0.20416666666666666 
0 0.36484375 0.48125 0.0328125 0.15416666666666667 
0 0.32734375 0.46354166666666663 0.0328125 0.14375 
0 1.015625 0.5052083333333333 0.46875 1.49375 
0 0.42109375000000004 0.490625 0.1203125 0.49375 
