0 0.590625 0.5291666666666667 0.16875 0.6208333333333333 
0 0.5078125 0.48020833333333335 0.075 0.28541666666666665 
0 0.17890625 0.46562499999999996 0.0390625 0.13541666666666666 
0 0.03125 0.45208333333333334 0.053125 0.20833333333333334 
0 -0.018750000000000017 0.49374999999999997 0.2875 0.8583333333333333 
0 0.44765625 0.4697916666666666 0.0703125 0.3020833333333333 
0 0.21875 0.45833333333333337 0.134375 0.5 
0 0.052343749999999994 0.4354166666666667 0.0828125 0.2 
0 0.909375 0.4916666666666667 0.490625 1.4791666666666667 
0 0.36015625 0.5072916666666667 0.1578125 0.6770833333333334 
