0 0.596875 0.5020833333333333 0.140625 0.5541666666666667 
0 0.6109375 0.528125 0.321875 0.8354166666666667 
0 0.7507812500000001 0.515625 0.1859375 0.8645833333333334 
0 0.08046874999999999 0.5302083333333333 0.2453125 0.9145833333333333 
0 0.30546875 0.484375 0.0578125 0.20208333333333334 
0 0.1453125 0.4583333333333333 0.05625 0.24583333333333332 
0 0.2328125 0.47291666666666665 0.065625 0.2 
0 0.37031250000000004 0.48541666666666666 0.034375 0.15416666666666667 
0 0.33515625 0.4666666666666667 0.0328125 0.14166666666666666 
0 1.01484375 0.5041666666666667 0.4703125 1.4958333333333333 
0 0.42421875000000003 0.4916666666666667 0.1203125 0.49583333333333335 
