0 0.63828125 0.5114583333333333 0.1671875 0.6104166666666667 
0 0.578125 0.4625 0.059375 0.25 
0 0.1453125 0.446875 0.046875 0.17708333333333334 
0 0.48359375 0.4520833333333333 0.0859375 0.29583333333333334 
0 0.11171874999999999 0.4395833333333333 0.0640625 0.22916666666666666 
0 0.2375 0.4614583333333333 0.08125 0.26458333333333334 
0 0.32578125 0.4541666666666667 0.0734375 0.2625 
0 0.1890625 0.4447916666666667 0.04375 0.17708333333333334 
0 0.165625 0.4458333333333333 0.046875 0.2 
0 0.9664062499999999 0.4979166666666667 0.4828125 1.4916666666666667 
0 0.4203125 0.47291666666666665 0.146875 0.6291666666666667 
0 0.30703125000000003 0.440625 0.0328125 0.09791666666666667 
