0 0.64140625 0.5052083333333334 0.1734375 0.6229166666666667 
0 0.57421875 0.4614583333333333 0.0671875 0.25625 
0 0.17343750000000002 0.4291666666666667 0.040625 0.15416666666666667 
0 0.49765624999999997 0.45208333333333334 0.0671875 0.275 
0 0.030468750000000017 0.440625 0.2515625 0.90625 
0 0.10625 0.4291666666666667 0.06875 0.2 
0 0.3046875 0.4614583333333333 0.078125 0.25625 
0 0.22109374999999998 0.434375 0.0453125 0.16041666666666668 
0 0.16171875 0.4510416666666667 0.0546875 0.17291666666666666 
0 0.94453125 0.49583333333333335 0.4859375 1.4875 
0 0.39218749999999997 0.48854166666666665 0.209375 0.65625 
0 0.30078125 0.44479166666666664 0.0328125 0.09791666666666667 
