0 0.625 0.5114583333333333 0.171875 0.6229166666666667 
0 0.5625 0.4666666666666667 0.06875 0.2625 
0 0.18671875 0.4479166666666667 0.0390625 0.14583333333333334 
0 0.48984375 0.45416666666666666 0.0640625 0.2833333333333333 
0 0.13828125 0.4427083333333333 0.1890625 0.7229166666666667 
0 0.10625000000000001 0.44479166666666664 0.075 0.19791666666666666 
0 0.34218750000000003 0.4510416666666667 0.08125 0.26875 
0 0.22421875000000002 0.44479166666666664 0.0484375 0.16041666666666668 
0 0.14296875 0.44999999999999996 0.0578125 0.17083333333333334 
0 0.9343750000000001 0.49479166666666663 0.4875 1.4854166666666666 
0 0.39765625 0.5010416666666666 0.1640625 0.6645833333333333 
0 0.29921875000000003 0.44895833333333335 0.0328125 0.09791666666666667 
