0 0.60703125 0.503125 0.1546875 0.5895833333333333 
0 0.57265625 0.46770833333333334 0.0578125 0.24375 
0 0.090625 0.4479166666666667 0.0375 0.19166666666666668 
0 0.46796875 0.4510416666666667 0.0859375 0.28958333333333336 
0 0.1125 0.4354166666666667 0.071875 0.24166666666666667 
0 0.13046875000000002 0.459375 0.0765625 0.28958333333333336 
0 0.26953125 0.453125 0.0890625 0.32708333333333334 
0 0.51484375 0.440625 0.0421875 0.12291666666666666 
0 0.84296875 0.4822916666666667 0.2734375 0.8979166666666667 
0 0.89921875 0.48333333333333334 0.2640625 0.8458333333333333 
0 0.1484375 0.44687499999999997 0.04375 0.19791666666666666 
0 0.165625 0.4510416666666667 0.05 0.20208333333333334 
0 0.99140625 0.5010416666666666 0.4796875 1.4979166666666666 
0 0.4078125 0.4916666666666667 0.175 0.6 
0 0.29609375 0.43645833333333334 0.0328125 0.09791666666666667 
