0 0.60625 0.5 0.140625 0.5541666666666667 
0 0.628125 0.534375 0.290625 0.8520833333333333 
0 0.75703125 0.521875 0.1796875 0.8645833333333334 
0 0.16796875 0.5291666666666667 0.2109375 0.7833333333333333 
0 0.3203125 0.48854166666666665 0.059375 0.18958333333333333 
0 0.1640625 0.465625 0.059375 0.25625 
0 0.25703125 0.4770833333333333 0.0703125 0.19166666666666668 
0 0.38437499999999997 0.49270833333333336 0.0375 0.15625 
0 0.35078125 0.4739583333333333 0.0296875 0.13541666666666666 
0 1.0140624999999999 0.5041666666666667 0.471875 1.4958333333333333 
0 0.43046875 0.4916666666666667 0.1203125 0.5 
