0 0.615625 0.4979166666666667 0.140625 0.5541666666666667 
0 0.06406250000000001 0.5322916666666667 0.184375 0.68125 
0 0.63828125 0.5510416666666667 0.2921875 0.90625 
0 0.7734375 0.5114583333333333 0.178125 0.8604166666666667 
0 0.2234375 0.515625 0.178125 0.6895833333333333 
0 0.33359375 0.48541666666666666 0.0578125 0.18333333333333332 
0 0.178125 0.478125 0.0625 0.24375 
0 0.36171875000000003 0.47604166666666664 0.0328125 0.13125 
0 1.01171875 0.5041666666666667 0.4734375 1.4958333333333333 
0 0.43671875000000004 0.4927083333333333 0.1203125 0.50625 
