0 0.6359375 0.49583333333333335 0.140625 0.5541666666666667 
0 0.0484375 0.4614583333333333 0.05 0.22291666666666668 
0 0.0125 0.4833333333333333 0.078125 0.3 
0 0.18203125 0.4854166666666667 0.1453125 0.5166666666666667 
0 0.5203125 0.4583333333333333 0.040625 0.12916666666666668 
0 0.675 0.5041666666666667 0.290625 0.9166666666666666 
0 0.83359375 0.5166666666666666 0.2171875 0.8583333333333333 
0 0.32890625 0.48750000000000004 0.1203125 0.5166666666666667 
0 0.1015625 0.46979166666666666 0.0625 0.21875 
0 0.19609375 0.46979166666666666 0.0671875 0.21458333333333332 
0 1.009375 0.5031249999999999 0.478125 1.4979166666666666 
0 0.44453125000000004 0.503125 0.1359375 0.5395833333333333 
