0 0.66875 0.5125 0.15625 0.5833333333333334 
0 0.9710937500000001 0.5041666666666667 0.2671875 1.2041666666666666 
0 0.13515624999999998 0.5072916666666667 0.1421875 0.5854166666666667 
0 0.07343749999999999 0.4739583333333333 0.0875 0.41041666666666665 
0 0.26953125 0.4822916666666667 0.0828125 0.3729166666666667 
0 0.35703124999999997 0.5125 0.0671875 0.30833333333333335 
0 0.40625 0.4760416666666667 0.053125 0.24791666666666667 
0 0.484375 0.47291666666666665 0.0625 0.2125 
0 0.6195312500000001 0.475 0.0609375 0.22916666666666666 
0 0.27578125 0.4739583333333333 0.0765625 0.31875 
0 0.5453125 0.5 0.1125 0.4375 
