0 0.596875 0.5020833333333333 0.140625 0.5541666666666667 
0 0.6296875 0.5447916666666667 0.31875 0.8479166666666667 
0 0.7578125 0.525 0.175 0.875 
0 0.28125 0.490625 0.059375 0.23541666666666666 
0 0.12265625 0.465625 0.0546875 0.27708333333333335 
0 0.15859375 0.46875 0.0703125 0.25416666666666665 
0 0.34609375000000003 0.4770833333333333 0.0484375 0.175 
0 0.07421875 0.459375 0.0828125 0.32708333333333334 
0 0.3890625 0.48854166666666665 0.04375 0.15208333333333332 
0 0.30937499999999996 0.465625 0.04375 0.17708333333333334 
0 1.0210937500000001 0.50625 0.4578125 1.4916666666666667 
0 0.43828125 0.49479166666666663 0.1328125 0.46041666666666664 
