0 0.5671875 0.50625 0.140625 0.5541666666666667 
0 0.596875 0.509375 0.296875 0.8020833333333334 
0 0.75 0.5197916666666667 0.203125 0.8729166666666667 
0 0.27109374999999997 0.4770833333333333 0.0515625 0.225 
0 0.11484375000000001 0.4635416666666667 0.0609375 0.28125 
0 0.171875 0.465625 0.05625 0.24375 
0 0.3421875 0.47291666666666665 0.04375 0.175 
0 0.06875 0.4583333333333333 0.071875 0.3125 
0 0.3 0.4666666666666667 0.040625 0.16666666666666666 
0 1.01875 0.50625 0.4625 1.4916666666666667 
0 0.41484375 0.4916666666666667 0.1109375 0.4791666666666667 
