0 0.6421875 0.49375 0.140625 0.5541666666666667 
0 0.7046875 0.5114583333333333 0.371875 0.8229166666666666 
0 0.83984375 0.5020833333333333 0.1984375 0.8875 
0 0.32109375 0.49583333333333335 0.0734375 0.26666666666666666 
0 0.16640625 0.47604166666666664 0.0703125 0.28125 
0 0.13046875 0.4666666666666667 0.0703125 0.2791666666666667 
0 0.38359375 0.4822916666666667 0.0421875 0.18958333333333333 
0 0.12109375 0.46562499999999996 0.0640625 0.33125 
0 0.41953124999999997 0.4927083333333333 0.0359375 0.16041666666666668 
0 0.34609375000000003 0.46979166666666666 0.0421875 0.19375 
0 0.4796875 0.5135416666666667 0.11875 0.4479166666666667 
