0 0.6687500000000001 0.5208333333333334 0.1625 0.5958333333333333 
0 0.03203125 0.5041666666666667 0.1484375 0.6958333333333333 
0 0.0234375 0.43854166666666666 0.1125 0.45625 
0 0.2046875 0.49166666666666664 0.1125 0.4708333333333333 
0 0.3 0.5208333333333334 0.084375 0.3958333333333333 
0 0.38984375000000004 0.4697916666666667 0.0734375 0.29375 
0 0.46015625 0.45833333333333337 0.0609375 0.2125 
0 0.61328125 0.4625 0.0578125 0.21666666666666667 
0 0.2203125 0.44166666666666665 0.090625 0.3541666666666667 
0 0.5546875 0.48541666666666666 0.1125 0.43333333333333335 
