0 0.6703125 0.496875 0.14375 0.5604166666666667 
0 0.7875000000000001 0.515625 0.303125 0.9895833333333334 
0 0.98203125 0.5145833333333333 0.2546875 0.975 
0 0.284375 0.5010416666666666 0.0875 0.3729166666666667 
0 0.159375 0.4697916666666666 0.071875 0.33541666666666664 
0 0.01953125 0.459375 0.1046875 0.34791666666666665 
0 0.37578125 0.48125 0.0578125 0.25416666666666665 
0 0.0984375 0.46458333333333335 0.090625 0.38333333333333336 
0 0.42343749999999997 0.49479166666666663 0.059375 0.22708333333333333 
0 0.6007812499999999 0.49270833333333336 0.0640625 0.24791666666666667 
0 0.46015625 0.475 0.0515625 0.1875 
0 0.33984375 0.45625 0.0546875 0.2125 
0 0.546875 0.49375 0.115625 0.44583333333333336 
