0 0.671875 0.49375 0.140625 0.5541666666666667 
0 0.76875 0.5177083333333333 0.3375 0.9479166666666666 
0 0.9390624999999999 0.49687499999999996 0.228125 0.9479166666666666 
0 0.31640625 0.49375 0.0828125 0.325 
0 0.17890625 0.46458333333333335 0.0734375 0.31666666666666665 
0 0.07578125 0.46354166666666663 0.0703125 0.32708333333333334 
0 0.39296875 0.47916666666666663 0.0546875 0.22916666666666666 
0 0.12343749999999999 0.4666666666666667 0.0875 0.37083333333333335 
0 0.43671875 0.48958333333333337 0.0515625 0.20416666666666666 
0 0.60703125 0.47291666666666665 0.0515625 0.2125 
0 0.471875 0.47187500000000004 0.040625 0.17708333333333334 
0 0.35546875 0.4552083333333333 0.0515625 0.21041666666666667 
0 0.54140625 0.4927083333333333 0.1171875 0.4479166666666667 
