0 0.6703125000000001 0.5020833333333333 0.146875 0.5666666666666667 
0 0.79921875 0.5177083333333333 0.2765625 1.0229166666666667 
0 1.01875 0.5333333333333333 0.246875 1.0541666666666667 
0 0.24296875 0.50625 0.1078125 0.42083333333333334 
0 0.13359375 0.47291666666666665 0.0765625 0.35 
0 0.3515625 0.48333333333333334 0.0625 0.2833333333333333 
0 0.06953125 0.46562500000000007 0.0890625 0.41458333333333336 
0 0.409375 0.5020833333333333 0.0625 0.24583333333333332 
0 0.5960937500000001 0.4979166666666667 0.0609375 0.25416666666666665 
0 0.4421875 0.4760416666666667 0.05625 0.20625 
0 0.31796874999999997 0.4760416666666667 0.0609375 0.23541666666666666 
0 0.5421875 0.5 0.115625 0.44583333333333336 
