0 0.6609375 0.49375 0.140625 0.5541666666666667 
0 0.7625 0.5364583333333334 0.36875 0.9395833333333333 
0 0.9140625 0.5322916666666666 0.221875 0.9395833333333333 
0 0.325 0.49583333333333335 0.084375 0.3 
0 0.18593749999999998 0.4708333333333333 0.071875 0.31666666666666665 
0 0.09609375 0.46458333333333335 0.0703125 0.30833333333333335 
0 0.39765625000000004 0.478125 0.0578125 0.21041666666666667 
0 0.14296875 0.4708333333333333 0.0828125 0.3458333333333333 
0 0.43984375000000003 0.49166666666666664 0.0421875 0.1875 
0 0.5968749999999999 0.4875 0.05625 0.2125 
0 0.465625 0.4770833333333333 0.034375 0.17083333333333334 
0 0.36171875 0.47187500000000004 0.0453125 0.20625 
0 0.51796875 0.4989583333333334 0.1171875 0.4479166666666667 
