0 0.5625 0.50625 0.140625 0.5541666666666667 
0 0.60078125 0.5135416666666667 0.3171875 0.8104166666666667 
0 0.74921875 0.5041666666666667 0.1953125 0.8416666666666667 
0 0.2734375 0.4802083333333333 0.053125 0.22708333333333333 
0 0.115625 0.4635416666666667 0.059375 0.28125 
0 0.16718750000000002 0.4666666666666667 0.059375 0.24583333333333332 
0 0.34296875 0.475 0.0453125 0.175 
0 0.06875 0.4583333333333333 0.075 0.31666666666666665 
0 0.30234375 0.46562499999999996 0.0421875 0.16875 
0 1.01953125 0.50625 0.4609375 1.4916666666666667 
0 0.42109375 0.4927083333333333 0.1171875 0.47291666666666665 
