0 0.6710937499999999 0.4947916666666667 0.1421875 0.55625 
0 0.78125 0.4958333333333333 0.315625 0.9458333333333333 
0 0.9507812499999999 0.48333333333333334 0.2359375 0.9333333333333333 
0 0.3046875 0.49583333333333335 0.084375 0.3416666666666667 
0 0.17265624999999998 0.46562499999999996 0.0734375 0.3229166666666667 
0 0.0640625 0.46354166666666663 0.065625 0.33541666666666664 
0 0.3859375 0.47916666666666663 0.05625 0.2375 
0 0.11484375 0.4666666666666667 0.0890625 0.375 
0 0.43203125 0.4916666666666667 0.0546875 0.2125 
0 0.6046874999999999 0.47916666666666663 0.05625 0.225 
0 0.4671875 0.471875 0.04375 0.18125 
0 0.35 0.4552083333333333 0.053125 0.21041666666666667 
0 0.55 0.490625 0.115625 0.4479166666666667 
