0 0.6687500000000001 0.5177083333333333 0.159375 0.5895833333333333 
0 1.003125 0.5 0.259375 1.2875 
0 0.078125 0.49687500000000007 0.146875 0.6729166666666667 
0 0.037500000000000006 0.45729166666666665 0.1125 0.45625 
0 0.22890624999999998 0.48020833333333335 0.0921875 0.41458333333333336 
0 0.325 0.5072916666666667 0.078125 0.34791666666666665 
0 0.3859375 0.46875 0.06875 0.26666666666666666 
0 0.46015625 0.45833333333333337 0.0609375 0.2125 
0 0.6046875 0.46458333333333335 0.065625 0.22083333333333333 
0 0.2296875 0.4395833333333333 0.084375 0.35 
0 0.53984375 0.49270833333333336 0.1109375 0.4354166666666667 
