0 0.66953125 0.5114583333333333 0.1546875 0.58125 
0 0.92734375 0.47395833333333337 0.2859375 1.1895833333333334 
0 0.153125 0.509375 0.140625 0.55625 
0 0.0796875 0.4739583333333333 0.090625 0.40208333333333335 
0 0.28203125 0.4822916666666667 0.0796875 0.36041666666666666 
0 0.36796875 0.5125 0.0640625 0.29583333333333334 
0 0.41328125 0.4791666666666667 0.0484375 0.24166666666666667 
0 0.48046875 0.4635416666666667 0.0609375 0.21458333333333332 
0 0.6257812500000001 0.47916666666666663 0.0578125 0.23333333333333334 
0 0.28203125 0.478125 0.0765625 0.34375 
0 0.54140625 0.4927083333333333 0.1140625 0.4395833333333333 
