0 0.6359375 0.49583333333333335 0.140625 0.5541666666666667 
0 0.68046875 0.5479166666666666 0.3359375 0.8833333333333333 
0 0.7984375 0.5135416666666667 0.1875 0.88125 
0 0.30078125 0.4927083333333333 0.0671875 0.2520833333333333 
0 0.14375 0.4708333333333333 0.0625 0.2791666666666667 
0 0.14453125 0.46875 0.0703125 0.26666666666666666 
0 0.36484374999999997 0.4791666666666667 0.0453125 0.18333333333333332 
0 0.09765625 0.4625 0.0734375 0.32916666666666666 
0 0.403125 0.490625 0.040625 0.15625 
0 0.32499999999999996 0.46770833333333334 0.04375 0.18541666666666667 
0 1.0570312499999999 0.5104166666666667 0.3859375 1.4833333333333334 
0 0.44999999999999996 0.49479166666666663 0.14375 0.45208333333333334 
