0 0.615625 0.4979166666666667 0.140625 0.5541666666666667 
0 0.653125 0.5552083333333333 0.325 0.88125 
0 0.778125 0.51875 0.18125 0.8791666666666667 
0 0.290625 0.49270833333333336 0.0625 0.24375 
0 0.1328125 0.46875 0.059375 0.2791666666666667 
0 0.15234375 0.4677083333333334 0.0703125 0.2604166666666667 
0 0.3546875 0.4791666666666667 0.046875 0.17916666666666667 
0 0.0859375 0.4604166666666667 0.078125 0.32916666666666666 
0 0.39609375 0.4895833333333333 0.0421875 0.15416666666666667 
0 0.315625 0.465625 0.04375 0.18125 
0 1.02265625 0.5072916666666667 0.4578125 1.4895833333333333 
0 0.44453125 0.49479166666666663 0.1390625 0.45625 
