0 0.5578125 0.5083333333333333 0.140625 0.5541666666666667 
0 0.6000000000000001 0.5260416666666666 0.3375 0.8104166666666667 
0 0.75234375 0.49479166666666663 0.1890625 0.8229166666666666 
0 0.275 0.484375 0.05625 0.23125 
0 0.11953125 0.46458333333333335 0.0578125 0.2791666666666667 
0 0.16484375 0.4666666666666667 0.0640625 0.25 
0 0.34375 0.475 0.046875 0.175 
0 0.0703125 0.45833333333333337 0.078125 0.32083333333333336 
0 0.30078125 0.47187500000000004 0.0421875 0.17291666666666666 
0 1.01953125 0.50625 0.4609375 1.4916666666666667 
0 0.42656249999999996 0.49270833333333336 0.121875 0.46875 
