0 0.6703125000000001 0.5010416666666666 0.146875 0.5645833333333333 
0 0.78125 0.5114583333333333 0.275 1.0104166666666667 
0 1.00078125 0.50625 0.2453125 1.0041666666666667 
0 0.25859375 0.5041666666666667 0.0984375 0.4041666666666667 
0 0.14296875 0.47291666666666665 0.0734375 0.3458333333333333 
0 0.36093749999999997 0.4822916666666667 0.059375 0.27291666666666664 
0 0.0796875 0.4635416666666667 0.090625 0.40208333333333335 
0 0.4140625 0.5010416666666666 0.0625 0.23958333333333334 
0 0.59453125 0.49166666666666664 0.0671875 0.25416666666666665 
0 0.4484375 0.475 0.05625 0.2 
0 0.32421875 0.46041666666666664 0.0578125 0.225 
0 0.5437500000000001 0.4979166666666667 0.115625 0.44583333333333336 
