0 0.6695312499999999 0.5145833333333334 0.1578125 0.5875 
0 0.9781249999999999 0.5302083333333334 0.275 1.1895833333333334 
0 0.11562499999999999 0.503125 0.14375 0.6145833333333334 
0 0.060156249999999994 0.4677083333333334 0.0984375 0.41875 
0 0.25546875 0.48124999999999996 0.0859375 0.3875 
0 0.3453125 0.509375 0.071875 0.3229166666666667 
0 0.3984375 0.475 0.059375 0.25416666666666665 
0 0.47890625000000003 0.46875 0.0640625 0.2125 
0 0.6140625 0.471875 0.0625 0.22708333333333333 
0 0.26640625 0.4552083333333333 0.0796875 0.33125 
0 0.54296875 0.496875 0.1109375 0.4354166666666667 
