0 0.6687500000000001 0.5166666666666667 0.159375 0.5875 
0 1.00625 0.509375 0.2875 1.2104166666666667 
0 0.09609375 0.4989583333333334 0.1453125 0.64375 
0 0.046875 0.4552083333333333 0.10625 0.4270833333333333 
0 0.24296874999999998 0.48125 0.0890625 0.4 
0 0.334375 0.509375 0.075 0.33541666666666664 
0 0.39296875000000003 0.47187500000000004 0.0640625 0.2604166666666667 
0 0.46875 0.4552083333333333 0.059375 0.21458333333333332 
0 0.61015625 0.46875 0.0640625 0.225 
0 0.2421875 0.44479166666666664 0.084375 0.34791666666666665 
0 0.54140625 0.4947916666666667 0.1109375 0.4354166666666667 
