0 0.6703125 0.5093749999999999 0.153125 0.5770833333333333 
0 0.8921875 0.4864583333333333 0.29375 1.1145833333333333 
0 0.18203125 0.5083333333333333 0.1328125 0.5041666666666667 
0 0.09765625 0.4739583333333333 0.0859375 0.38125 
0 0.3078125 0.484375 0.071875 0.33125 
0 0.0171875 0.46562499999999996 0.1 0.45625 
0 0.38359375 0.509375 0.0640625 0.27708333333333335 
0 0.4203125 0.478125 0.053125 0.23125 
0 0.4828125 0.465625 0.06875 0.21875 
0 0.28203125 0.4604166666666667 0.0703125 0.275 
0 0.53828125 0.4895833333333333 0.1140625 0.44166666666666665 
