0 0.6390625 0.49375 0.140625 0.5541666666666667 
0 0.6796875 0.5229166666666667 0.36875 0.85 
0 0.8046875 0.5208333333333333 0.19375 0.8875 
0 0.309375 0.4822916666666667 0.071875 0.2604166666666667 
0 0.15546875 0.4739583333333333 0.0671875 0.28125 
0 0.13828125 0.4677083333333333 0.0703125 0.27291666666666664 
0 0.36640625 0.47291666666666665 0.0453125 0.1875 
0 0.109375 0.46354166666666663 0.06875 0.33125 
0 0.4109375 0.49166666666666664 0.0375 0.15833333333333333 
0 0.33671875 0.46770833333333334 0.0421875 0.18958333333333333 
0 0.45703125 0.49687499999999996 0.1484375 0.4479166666666667 
