0 0.66875 0.525 0.165625 0.6 
0 0.016406250000000004 0.4614583333333333 0.0921875 0.47291666666666665 
0 0.18125000000000002 0.5010416666666666 0.13125 0.5270833333333333 
0 0.29765625 0.5239583333333333 0.0953125 0.44375 
0 0.39453125 0.471875 0.0765625 0.31875 
0 0.46171875 0.45625 0.0640625 0.21666666666666667 
0 0.6203125 0.4604166666666667 0.05 0.2125 
0 0.225 0.4552083333333333 0.09375 0.36041666666666666 
0 0.5703125 0.47916666666666663 0.1125 0.42916666666666664 
0 1.09765625 0.14479166666666668 0.3046875 0.7479166666666667 
0 0.49531250000000004 0.48124999999999996 0.034375 0.10416666666666667 
