0 0.65625 0.49375 0.140625 0.5541666666666667 
0 0.7687499999999999 0.53125 0.3875 0.8958333333333334 
0 0.90078125 0.5260416666666666 0.2109375 0.9020833333333333 
0 0.32968749999999997 0.49583333333333335 0.084375 0.2916666666666667 
0 0.18906250000000002 0.47291666666666665 0.071875 0.31666666666666665 
0 0.10390625 0.46562499999999996 0.0703125 0.3020833333333333 
0 0.39999999999999997 0.4770833333333333 0.059375 0.20416666666666666 
0 0.1484375 0.4708333333333333 0.08125 0.3375 
0 0.43984375 0.49270833333333336 0.0390625 0.18125 
0 0.5945312500000001 0.4916666666666667 0.0578125 0.2125 
0 0.4640625 0.48020833333333335 0.03125 0.16875 
0 0.36328125 0.4770833333333333 0.0421875 0.20416666666666666 
0 0.51015625 0.503125 0.1171875 0.4479166666666667 
