0 0.6687500000000001 0.5197916666666667 0.1625 0.59375 
0 1.02890625 0.5083333333333333 0.2609375 1.3375 
0 0.05859375 0.49895833333333334 0.1484375 0.7145833333333333 
0 0.021875 0.4395833333333333 0.103125 0.44583333333333336 
0 0.21640625 0.484375 0.1015625 0.44375 
0 0.31796874999999997 0.5114583333333333 0.0828125 0.3729166666666667 
0 0.38828125 0.4708333333333333 0.0703125 0.2791666666666667 
0 0.45859374999999997 0.4572916666666667 0.0671875 0.21041666666666667 
0 0.6078125 0.4635416666666667 0.0625 0.21875 
0 0.23515625 0.4385416666666667 0.0859375 0.35208333333333336 
0 0.546875 0.48854166666666665 0.1125 0.4354166666666667 
