0 0.5765625 0.5041666666666667 0.140625 0.5541666666666667 
0 0.60390625 0.5427083333333333 0.3359375 0.8354166666666667 
0 0.7515624999999999 0.5104166666666666 0.18125 0.8541666666666666 
0 0.27890625 0.48750000000000004 0.0578125 0.23333333333333334 
0 0.1203125 0.46458333333333335 0.05625 0.2791666666666667 
0 0.16171875 0.46770833333333334 0.0671875 0.2520833333333333 
0 0.34375 0.4770833333333333 0.046875 0.175 
0 0.07265625 0.459375 0.0796875 0.3229166666666667 
0 0.3046875 0.46458333333333335 0.04375 0.175 
0 1.0203125 0.50625 0.459375 1.4916666666666667 
0 0.43281250000000004 0.49375 0.128125 0.4666666666666667 
