0 0.6710937499999999 0.49895833333333334 0.1453125 0.5645833333333333 
0 0.8015625 0.5145833333333334 0.30625 0.9875 
0 0.9796875 0.4958333333333333 0.2375 0.9833333333333333 
0 0.27421875 0.5041666666666667 0.0890625 0.3875 
0 0.153125 0.4708333333333333 0.071875 0.3416666666666667 
0 0.36953125000000003 0.48124999999999996 0.0578125 0.2625 
0 0.090625 0.4625 0.090625 0.3875 
0 0.41953124999999997 0.4979166666666667 0.0609375 0.23333333333333334 
0 0.5984375000000001 0.4989583333333334 0.06875 0.2604166666666667 
0 0.45703125 0.475 0.0546875 0.19166666666666668 
0 0.33515625 0.45625 0.0546875 0.2125 
0 0.5453125 0.49583333333333335 0.115625 0.44583333333333336 
